"Team","Wins","Losses","Ties","HomeWins","HomeLosses","HomeTies","AwayWins","AwayLosses","AwayTies","NeutralWins","NeutralLosses","NeutralTies","Pct","AdjPct","OppWinPct","OppOppWinPct","SOS","RPI"
"Denver",33,7,4,16,3,2,12,3,2,5,1,0,0.795454545454545,0.791666666666667,0.526985142170208,0.543630512159476,0.538969808562481,0.602144023088527
"Minnesota-Duluth",28,7,7,11,4,4,10,2,3,7,1,0,0.75,0.739336492890995,0.568122825784943,0.538027626633703,0.54645428239605,0.594674835019786
"Harvard",28,6,2,13,0,2,9,5,0,6,1,0,0.805555555555556,0.818713450292398,0.517730325045178,0.507322878615506,0.510236963615814,0.58735608528496
"Massachusetts-Lowell",27,11,3,11,5,2,12,5,1,4,1,0,0.695121951219512,0.694174757281553,0.49752208982536,0.519178203904556,0.513114491962381,0.558379558292174
"Boston University",24,12,3,13,3,2,8,6,1,3,3,0,0.653846153846154,0.6524064171123,0.550775285606819,0.513145477147274,0.523681823515946,0.555862971915035
"Western Michigan",22,13,5,14,4,3,6,6,2,2,3,0,0.6125,0.6,0.54880635539014,0.533448923657649,0.537749004542746,0.55331175340706
"Minnesota",23,12,3,11,3,2,10,6,1,2,3,0,0.644736842105263,0.650537634408602,0.528569129199643,0.517516216445413,0.520611032016598,0.553092682614599
"Union",25,10,3,12,3,1,12,5,2,1,2,0,0.697368421052632,0.707446808510638,0.486546939062107,0.501150795653595,0.497061715807978,0.549657988983643
"Penn State",25,12,2,14,5,1,7,5,1,4,2,0,0.666666666666667,0.654255319148936,0.51735717836491,0.511772376518642,0.513336121035597,0.548565920563932
"Air Force",27,10,5,11,4,2,12,5,2,4,1,1,0.702380952380952,0.707142857142857,0.503295728024525,0.48648269082779,0.491190341242876,0.545178470217871
"Notre Dame",23,12,5,14,5,4,7,5,1,2,2,0,0.6375,0.616580310880829,0.556427419679128,0.506100656581892,0.520192150249118,0.544289190407046
"North Dakota",21,16,3,11,8,2,8,6,1,2,2,0,0.5625,0.547738693467337,0.548705579939747,0.539870202418146,0.542344108124194,0.54369275445998
"Cornell",21,9,5,9,4,3,9,2,2,3,3,0,0.671428571428571,0.661016949152542,0.499858999064201,0.50620210545112,0.504426035662783,0.543573764035223
"Providence",22,12,5,13,3,3,9,7,2,0,2,0,0.628205128205128,0.631016042780749,0.49626271610769,0.513436909057537,0.50862813503158,0.539225111968872
"Boston College",21,15,4,10,4,2,9,5,1,2,6,1,0.575,0.573232323232323,0.550387284960412,0.509781174989529,0.521150885781376,0.534171245144113
"Ohio State",21,12,6,7,7,2,13,2,3,1,3,1,0.615384615384615,0.614077669902913,0.481743309043445,0.516053597377829,0.506446716644201,0.533354454958879
"Vermont",20,13,5,13,6,1,5,7,4,2,0,0,0.592105263157895,0.585635359116022,0.516017184991205,0.510284618437211,0.511889737072329,0.530326142583252
"Wisconsin",20,15,1,8,9,1,9,4,0,3,2,0,0.569444444444444,0.553763440860215,0.523794705415341,0.516848377757869,0.518793349501961,0.527535872341525
"Nebraska-Omaha",17,17,5,6,10,2,10,7,3,1,0,0,0.5,0.504950495049505,0.533815819477967,0.534015323872628,0.533959462642123,0.526707220743969
"Quinnipiac",23,15,2,12,5,1,10,7,0,1,3,1,0.6,0.599489795918367,0.481216304720794,0.505497140868086,0.498698506746844,0.523896329039725
"Northeastern",18,15,5,11,4,2,6,10,2,1,1,1,0.539473684210526,0.544692737430168,0.518170459975855,0.512538133632536,0.514115185008665,0.521759573114041
"St. Cloud State",16,19,1,8,7,0,7,10,1,1,2,0,0.458333333333333,0.465909090909091,0.537084086112257,0.539024273951512,0.538481021356521,0.520338038744663
"St. Lawrence",17,13,7,11,5,2,6,8,3,0,0,2,0.554054054054054,0.553672316384181,0.525980932076137,0.497010357127088,0.505122118112822,0.517259667680661
"Clarkson",18,16,5,8,8,2,9,8,2,1,0,1,0.525641025641026,0.528061224489796,0.515931984877504,0.502664286360475,0.506379241945243,0.511799737581381
"Canisius",21,11,7,11,2,5,10,7,2,0,2,0,0.628205128205128,0.634920634920635,0.450376292490309,0.476424856059423,0.469131258260071,0.510578602425212
"Robert Morris",22,12,4,11,6,2,7,5,2,4,1,0,0.631578947368421,0.620320855614973,0.471700590772613,0.47436964438382,0.473622309372682,0.510296945933255
"Minnesota State",22,13,4,13,3,3,9,10,1,0,0,0,0.615384615384615,0.625,0.473689286884409,0.469651148912229,0.47078182754444,0.50933637065833
"Michigan Tech",23,15,7,12,4,4,10,9,3,1,2,0,0.588888888888889,0.596330275229358,0.476781158461913,0.48159182930672,0.480244841470174,0.50926619990997
"Bemidji State",22,16,3,13,8,1,9,6,2,0,2,0,0.573170731707317,0.561576354679803,0.494619473236285,0.477557066334796,0.482334540267213,0.50214499387036
"Merrimack",15,16,6,9,8,3,5,7,3,1,1,0,0.486486486486487,0.472527472527473,0.494850017805313,0.509804574676113,0.505617298752289,0.497344842196085
"Yale",13,15,5,8,7,1,4,8,3,1,0,1,0.46969696969697,0.465625,0.513853583381679,0.500655086931648,0.504350665937657,0.494669249453242
"Princeton",15,16,3,10,5,2,4,11,1,1,0,0,0.485294117647059,0.481012658227848,0.493003675872266,0.499811987702957,0.497905660390363,0.493682409849734
"Miami",9,20,7,6,8,3,3,12,4,0,0,0,0.347222222222222,0.346820809248555,0.574572753193523,0.527217210481984,0.540476762441215,0.49206277414305
"Army",18,14,5,13,5,0,4,7,5,1,2,0,0.554054054054054,0.551724137931034,0.460792900894955,0.473424465179295,0.46988762717968,0.490346754867518
"New Hampshire",15,20,5,7,9,2,8,10,2,0,1,1,0.4375,0.4425,0.494575368885001,0.507562020384299,0.503925757964495,0.488569318473371
"Connecticut",12,16,8,6,6,3,4,9,5,2,1,0,0.444444444444444,0.451428571428571,0.488419097058526,0.503572840101475,0.499329792049449,0.48735448689423
"Bowling Green",21,18,2,10,8,2,11,10,0,0,0,0,0.536585365853659,0.53921568627451,0.456698897942152,0.474600300632228,0.469587907879007,0.486994852477883
"Michigan",13,19,3,9,8,1,3,9,1,1,2,1,0.414285714285714,0.395833333333333,0.521937293381938,0.508303310191915,0.512120825485121,0.483048952447174
"Colorado College",8,24,4,1,13,2,5,11,2,2,0,0,0.277777777777778,0.290322580645161,0.56879388876082,0.533009888083329,0.543029408273026,0.47985270136606
"Holy Cross",14,15,7,9,5,4,5,9,3,0,1,0,0.486111111111111,0.482558139534884,0.456653396802526,0.475890923835924,0.470504416266572,0.47351784708365
"Bentley",13,19,7,5,9,3,7,10,4,1,0,0,0.423076923076923,0.433673469387755,0.501533777149023,0.479327314731916,0.485545124208706,0.472577210503468
"Sacred Heart",13,19,5,4,8,3,9,11,2,0,0,0,0.418918918918919,0.438502673796791,0.48481657260682,0.480240816454718,0.481522028177307,0.470767189582178
"Dartmouth",10,18,3,6,7,2,4,11,1,0,0,0,0.370967741935484,0.369127516778524,0.499921820242964,0.499073175251913,0.499310795849408,0.466764976081687
"Arizona State",8,19,3,3,7,1,5,12,2,0,0,0,0.316666666666667,0.340136054421769,0.505846841452136,0.508275354161599,0.50759537060295,0.465730541557654
"Mercyhurst",15,20,4,7,8,2,7,12,2,1,0,0,0.435897435897436,0.445026178010471,0.468644489911084,0.47088080573293,0.470254637302813,0.463947522479727
"Maine",11,21,4,10,8,0,0,13,4,1,0,0,0.361111111111111,0.345454545454545,0.472943552602995,0.510858692059263,0.500242453011508,0.461545476122267
"Northern Michigan",13,22,4,5,9,2,7,10,2,1,3,0,0.384615384615385,0.392857142857143,0.479849108063824,0.475443133407345,0.476676806311159,0.455721890447655
"Michigan State",7,24,4,2,13,1,5,8,2,0,3,1,0.257142857142857,0.265027322404372,0.550828866143394,0.506654346226561,0.519023211803275,0.455524239453549
"Ferris State",13,19,5,6,9,2,7,9,2,0,1,1,0.418918918918919,0.422043010752688,0.44388661129359,0.474334368108452,0.465808996200291,0.45486749983839
"Colgate",9,22,6,6,7,3,3,13,3,0,2,0,0.324324324324324,0.323863636363636,0.497611469189663,0.498232468447043,0.498058588654976,0.454509850582141
"RIT",14,22,1,6,13,1,8,9,0,0,0,0,0.391891891891892,0.387434554973822,0.467838992932602,0.474998617571387,0.472993922672527,0.451604080747851
"Alaska",12,20,4,5,10,1,7,9,3,0,1,0,0.388888888888889,0.398907103825137,0.465606966801495,0.466947332968632,0.466572030441833,0.449655798787659
"Lake Superior",11,18,7,8,5,3,3,13,4,0,0,0,0.402777777777778,0.407185628742515,0.427034557420128,0.474384876398979,0.461126787084901,0.447641497499304
"American International",8,20,8,3,9,4,5,11,4,0,0,0,0.333333333333333,0.344444444444444,0.440830200445016,0.471818207582646,0.46314156558411,0.433467285299193
"Rensselaer",8,28,1,5,10,1,3,16,0,0,2,0,0.22972972972973,0.225988700564972,0.483628147924294,0.499551305310913,0.49509282124266,0.427816791073238
"Alabama-Huntsville",9,22,3,2,10,2,7,10,1,0,2,0,0.308823529411765,0.325714285714286,0.434364845856544,0.466895696181458,0.457787058090482,0.424768864996433
"Alaska-Anchorage",7,21,6,4,10,2,2,10,4,1,1,0,0.294117647058824,0.291666666666667,0.461238715364584,0.470976668141172,0.468250041363727,0.424104197689462
"Massachusetts",5,29,2,3,13,1,1,14,0,1,2,1,0.166666666666667,0.155367231638418,0.496486966588504,0.507901208449973,0.504705220728762,0.417370723456176
"Brown",4,25,2,2,10,1,2,14,1,0,1,0,0.161290322580645,0.165562913907285,0.498754729869629,0.496334015816035,0.497011815751041,0.414149590290102
"Niagara",5,31,3,2,12,1,3,18,2,0,1,0,0.166666666666667,0.178947368421053,0.462237509852641,0.46909738009241,0.467176616425275,0.395119304424219
